2.8500000000000227
24.850000000000023
32.85000000000002
32.85000000000002
23.850000000000023
28.850000000000023
-7.149999999999977
-5.149999999999977
-2.1499999999999773
33.85000000000002
19.850000000000023
-8.149999999999977
36.85000000000002
26.850000000000023
27.850000000000023
32.85000000000002
10.850000000000023
10.850000000000023
-3.1499999999999773
-7.149999999999977
-3.1499999999999773
9.850000000000023
19.850000000000023
-10.149999999999977
-1.1499999999999773
39.85000000000002
14.850000000000023
17.850000000000023
1.8500000000000227
1.8500000000000227
-4.149999999999977
-3.1499999999999773
-9.149999999999977
18.850000000000023
-6.149999999999977
17.850000000000023
4.850000000000023
31.850000000000023
-4.149999999999977
33.85000000000002
10.850000000000023
6.850000000000023
27.850000000000023
8.850000000000023
-7.149999999999977
-5.149999999999977
1.8500000000000227
16.850000000000023
-1.1499999999999773
13.850000000000023
16.850000000000023
1.8500000000000227
30.850000000000023
22.850000000000023
32.85000000000002
12.850000000000023
20.850000000000023
14.850000000000023
36.85000000000002
5.850000000000023
20.850000000000023
5.850000000000023
13.850000000000023
37.85000000000002
25.850000000000023
38.85000000000002
0.8500000000000227
34.85000000000002
34.85000000000002
32.85000000000002
-6.149999999999977
-4.149999999999977
28.850000000000023
5.850000000000023
26.850000000000023
19.850000000000023
21.850000000000023
28.850000000000023
2.8500000000000227
-2.1499999999999773
11.850000000000023
1.8500000000000227
4.850000000000023
2.8500000000000227